        TIME,    TIDE,      OB,   SURGE,    BIAS,     TWL,SURGE90p,  TWL90p,SURGE10p,   TWL10p
202603190000,   0.208,   0.059,  -0.300,   0.151,   0.059,  -0.500,  -0.141,   0.000,   0.359
202603190006,   0.256,9999.000,9999.000,9999.000,9999.000,9999.000,9999.000,9999.000,9999.000
202603190012,   0.316,   0.121,9999.000,9999.000,9999.000,9999.000,9999.000,9999.000,9999.000
202603190018,   0.391,9999.000,9999.000,9999.000,9999.000,9999.000,9999.000,9999.000,9999.000
202603190024,   0.478,   0.321,9999.000,9999.000,9999.000,9999.000,9999.000,9999.000,9999.000
202603190030,   0.579,9999.000,9999.000,9999.000,9999.000,9999.000,9999.000,9999.000,9999.000
202603190036,   0.692,   0.659,9999.000,9999.000,9999.000,9999.000,9999.000,9999.000,9999.000
202603190042,   0.817,9999.000,9999.000,9999.000,9999.000,9999.000,9999.000,9999.000,9999.000
202603190048,   0.954,   1.098,9999.000,9999.000,9999.000,9999.000,9999.000,9999.000,9999.000
202603190054,   1.101,9999.000,9999.000,9999.000,9999.000,9999.000,9999.000,9999.000,9999.000
202603190100,   1.258,   1.538,  -0.300,   0.580,   1.538,  -0.400,   1.438,   0.000,   1.838
202603190106,   1.423,   1.758,9999.000,9999.000,9999.000,9999.000,9999.000,9999.000,9999.000
202603190112,   1.595,   1.908,9999.000,9999.000,9999.000,9999.000,9999.000,9999.000,9999.000
202603190118,   1.773,   2.128,9999.000,9999.000,9999.000,9999.000,9999.000,9999.000,9999.000
202603190124,   1.957,   2.328,9999.000,9999.000,9999.000,9999.000,9999.000,9999.000,9999.000
202603190130,   2.143,   2.499,9999.000,9999.000,9999.000,9999.000,9999.000,9999.000,9999.000
202603190136,   2.332,   2.679,9999.000,9999.000,9999.000,9999.000,9999.000,9999.000,9999.000
202603190142,   2.522,   2.830,9999.000,9999.000,9999.000,9999.000,9999.000,9999.000,9999.000
202603190148,   2.712,   2.988,9999.000,9999.000,9999.000,9999.000,9999.000,9999.000,9999.000
202603190154,   2.900,   3.158,9999.000,9999.000,9999.000,9999.000,9999.000,9999.000,9999.000
202603190200,   3.086,   3.299,  -0.300,   0.513,   3.299,  -0.400,   3.199,   0.000,   3.599
202603190206,   3.269,   3.450,9999.000,9999.000,9999.000,9999.000,9999.000,9999.000,9999.000
202603190212,   3.448,   3.607,9999.000,9999.000,9999.000,9999.000,9999.000,9999.000,9999.000
202603190218,   3.622,   3.768,9999.000,9999.000,9999.000,9999.000,9999.000,9999.000,9999.000
202603190224,   3.791,   3.919,9999.000,9999.000,9999.000,9999.000,9999.000,9999.000,9999.000
202603190230,   3.954,   4.070,9999.000,9999.000,9999.000,9999.000,9999.000,9999.000,9999.000
202603190236,   4.111,   4.218,9999.000,9999.000,9999.000,9999.000,9999.000,9999.000,9999.000
202603190242,   4.261,   4.368,9999.000,9999.000,9999.000,9999.000,9999.000,9999.000,9999.000
202603190248,   4.406,   4.509,9999.000,9999.000,9999.000,9999.000,9999.000,9999.000,9999.000
202603190254,   4.543,   4.637,9999.000,9999.000,9999.000,9999.000,9999.000,9999.000,9999.000
202603190300,   4.674,   4.808,  -0.300,   0.434,   4.808,  -0.400,   4.708,   0.000,   5.108
202603190306,   4.799,   4.939,9999.000,9999.000,9999.000,9999.000,9999.000,9999.000,9999.000
202603190312,   4.917,   5.067,9999.000,9999.000,9999.000,9999.000,9999.000,9999.000,9999.000
202603190318,   5.029,   5.188,9999.000,9999.000,9999.000,9999.000,9999.000,9999.000,9999.000
202603190324,   5.135,   5.320,9999.000,9999.000,9999.000,9999.000,9999.000,9999.000,9999.000
202603190330,   5.234,   5.448,9999.000,9999.000,9999.000,9999.000,9999.000,9999.000,9999.000
202603190336,   5.327,   5.559,9999.000,9999.000,9999.000,9999.000,9999.000,9999.000,9999.000
202603190342,   5.414,   5.657,9999.000,9999.000,9999.000,9999.000,9999.000,9999.000,9999.000
202603190348,   5.495,   5.749,9999.000,9999.000,9999.000,9999.000,9999.000,9999.000,9999.000
202603190354,   5.570,   5.838,9999.000,9999.000,9999.000,9999.000,9999.000,9999.000,9999.000
202603190400,   5.638,   5.907,  -0.300,   0.569,   5.907,  -0.400,   5.807,   0.000,   6.207
202603190406,   5.700,   5.989,9999.000,9999.000,9999.000,9999.000,9999.000,9999.000,9999.000
202603190412,   5.755,   6.048,9999.000,9999.000,9999.000,9999.000,9999.000,9999.000,9999.000
202603190418,   5.804,   6.107,9999.000,9999.000,9999.000,9999.000,9999.000,9999.000,9999.000
202603190424,   5.845,   6.169,9999.000,9999.000,9999.000,9999.000,9999.000,9999.000,9999.000
202603190430,   5.878,   6.209,9999.000,9999.000,9999.000,9999.000,9999.000,9999.000,9999.000
202603190436,   5.905,   6.258,9999.000,9999.000,9999.000,9999.000,9999.000,9999.000,9999.000
202603190442,   5.923,   6.297,9999.000,9999.000,9999.000,9999.000,9999.000,9999.000,9999.000
202603190448,   5.933,   6.327,9999.000,9999.000,9999.000,9999.000,9999.000,9999.000,9999.000
202603190454,   5.935,   6.359,9999.000,9999.000,9999.000,9999.000,9999.000,9999.000,9999.000
202603190500,   5.928,   6.346,  -0.200,   0.618,   6.346,  -0.400,   6.146,   0.100,   6.646
202603190506,   5.914,   6.359,9999.000,9999.000,9999.000,9999.000,9999.000,9999.000,9999.000
202603190512,   5.890,   6.379,9999.000,9999.000,9999.000,9999.000,9999.000,9999.000,9999.000
202603190518,   5.859,   6.346,9999.000,9999.000,9999.000,9999.000,9999.000,9999.000,9999.000
202603190524,   5.819,   6.336,9999.000,9999.000,9999.000,9999.000,9999.000,9999.000,9999.000
202603190530,   5.771,   6.327,9999.000,9999.000,9999.000,9999.000,9999.000,9999.000,9999.000
202603190536,   5.716,   6.287,9999.000,9999.000,9999.000,9999.000,9999.000,9999.000,9999.000
202603190542,   5.653,   6.228,9999.000,9999.000,9999.000,9999.000,9999.000,9999.000,9999.000
202603190548,   5.583,   6.169,9999.000,9999.000,9999.000,9999.000,9999.000,9999.000,9999.000
202603190554,   5.506,   6.097,9999.000,9999.000,9999.000,9999.000,9999.000,9999.000,9999.000
202603190600,   5.424,   6.008,   0.300,   0.284,   6.008,   0.300,   6.008,   0.400,   6.108
202603190606,   5.336,   5.917,9999.000,9999.000,9999.000,9999.000,9999.000,9999.000,9999.000
202603190612,   5.243,   5.818,9999.000,9999.000,9999.000,9999.000,9999.000,9999.000,9999.000
202603190618,   5.145,   5.707,9999.000,9999.000,9999.000,9999.000,9999.000,9999.000,9999.000
202603190624,   5.044,   5.579,9999.000,9999.000,9999.000,9999.000,9999.000,9999.000,9999.000
202603190630,   4.939,   5.457,9999.000,9999.000,9999.000,9999.000,9999.000,9999.000,9999.000
202603190636,   4.831,   5.349,9999.000,9999.000,9999.000,9999.000,9999.000,9999.000,9999.000
202603190642,   4.721,   5.228,9999.000,9999.000,9999.000,9999.000,9999.000,9999.000,9999.000
202603190648,   4.609,   5.139,9999.000,9999.000,9999.000,9999.000,9999.000,9999.000,9999.000
202603190654,   4.496,   5.047,9999.000,9999.000,9999.000,9999.000,9999.000,9999.000,9999.000
202603190700,   4.381,   4.949,   0.300,   0.268,   4.949,   0.300,   4.949,   0.400,   5.049
202603190706,   4.266,   4.808,9999.000,9999.000,9999.000,9999.000,9999.000,9999.000,9999.000
202603190712,   4.150,   4.700,9999.000,9999.000,9999.000,9999.000,9999.000,9999.000,9999.000
202603190718,   4.033,   4.598,9999.000,9999.000,9999.000,9999.000,9999.000,9999.000,9999.000
202603190724,   3.916,   4.509,9999.000,9999.000,9999.000,9999.000,9999.000,9999.000,9999.000
202603190730,   3.800,   4.418,9999.000,9999.000,9999.000,9999.000,9999.000,9999.000,9999.000
202603190736,   3.683,   4.290,9999.000,9999.000,9999.000,9999.000,9999.000,9999.000,9999.000
202603190742,   3.567,   4.218,9999.000,9999.000,9999.000,9999.000,9999.000,9999.000,9999.000
202603190748,   3.450,   4.099,9999.000,9999.000,9999.000,9999.000,9999.000,9999.000,9999.000
202603190754,   3.335,   4.008,9999.000,9999.000,9999.000,9999.000,9999.000,9999.000,9999.000
202603190800,   3.219,   3.909,   0.400,   0.290,   3.909,   0.300,   3.809,   0.400,   3.909
202603190806,   3.104,   3.778,9999.000,9999.000,9999.000,9999.000,9999.000,9999.000,9999.000
202603190812,   2.990,   3.680,9999.000,9999.000,9999.000,9999.000,9999.000,9999.000,9999.000
202603190818,   2.877,   3.588,9999.000,9999.000,9999.000,9999.000,9999.000,9999.000,9999.000
202603190824,   2.764,   3.489,9999.000,9999.000,9999.000,9999.000,9999.000,9999.000,9999.000
202603190830,   2.652,   3.388,9999.000,9999.000,9999.000,9999.000,9999.000,9999.000,9999.000
202603190836,   2.541,   3.299,9999.000,9999.000,9999.000,9999.000,9999.000,9999.000,9999.000
202603190842,   2.432,   3.197,9999.000,9999.000,9999.000,9999.000,9999.000,9999.000,9999.000
202603190848,   2.323,   3.099,9999.000,9999.000,9999.000,9999.000,9999.000,9999.000,9999.000
202603190854,   2.216,   2.988,9999.000,9999.000,9999.000,9999.000,9999.000,9999.000,9999.000
202603190900,   2.110,   2.929,   0.400,   0.419,   2.929,   0.300,   2.829,   0.400,   2.929
202603190906,   2.006,   2.840,9999.000,9999.000,9999.000,9999.000,9999.000,9999.000,9999.000
202603190912,   1.904,   2.748,9999.000,9999.000,9999.000,9999.000,9999.000,9999.000,9999.000
202603190918,   1.803,   2.660,9999.000,9999.000,9999.000,9999.000,9999.000,9999.000,9999.000
202603190924,   1.704,   2.568,9999.000,9999.000,9999.000,9999.000,9999.000,9999.000,9999.000
202603190930,   1.606,   2.479,9999.000,9999.000,9999.000,9999.000,9999.000,9999.000,9999.000
202603190936,   1.510,   2.377,9999.000,9999.000,9999.000,9999.000,9999.000,9999.000,9999.000
202603190942,   1.416,   2.299,9999.000,9999.000,9999.000,9999.000,9999.000,9999.000,9999.000
202603190948,   1.324,   2.210,9999.000,9999.000,9999.000,9999.000,9999.000,9999.000,9999.000
202603190954,   1.232,   2.109,9999.000,9999.000,9999.000,9999.000,9999.000,9999.000,9999.000
202603191000,   1.143,   2.030,   0.400,   0.487,   2.030,   0.300,   1.930,   0.400,   2.030
202603191006,   1.054,   1.938,9999.000,9999.000,9999.000,9999.000,9999.000,9999.000,9999.000
202603191012,   0.967,   1.859,9999.000,9999.000,9999.000,9999.000,9999.000,9999.000,9999.000
202603191018,   0.882,   1.767,9999.000,9999.000,9999.000,9999.000,9999.000,9999.000,9999.000
202603191024,   0.797,   1.659,9999.000,9999.000,9999.000,9999.000,9999.000,9999.000,9999.000
202603191030,   0.714,   1.580,9999.000,9999.000,9999.000,9999.000,9999.000,9999.000,9999.000
202603191036,   0.632,   1.498,9999.000,9999.000,9999.000,9999.000,9999.000,9999.000,9999.000
202603191042,   0.551,   1.410,9999.000,9999.000,9999.000,9999.000,9999.000,9999.000,9999.000
202603191048,   0.473,   1.328,9999.000,9999.000,9999.000,9999.000,9999.000,9999.000,9999.000
202603191054,   0.396,   1.259,9999.000,9999.000,9999.000,9999.000,9999.000,9999.000,9999.000
202603191100,   0.322,   1.180,   0.400,   0.458,   1.180,   0.300,   1.080,   0.400,   1.180
202603191106,   0.251,   1.088,9999.000,9999.000,9999.000,9999.000,9999.000,9999.000,9999.000
202603191112,   0.183,   1.010,9999.000,9999.000,9999.000,9999.000,9999.000,9999.000,9999.000
202603191118,   0.120,   0.941,9999.000,9999.000,9999.000,9999.000,9999.000,9999.000,9999.000
202603191124,   0.062,   0.859,9999.000,9999.000,9999.000,9999.000,9999.000,9999.000,9999.000
202603191130,   0.009,   0.780,9999.000,9999.000,9999.000,9999.000,9999.000,9999.000,9999.000
202603191136,  -0.035,   0.731,9999.000,9999.000,9999.000,9999.000,9999.000,9999.000,9999.000
202603191142,  -0.074,   0.669,9999.000,9999.000,9999.000,9999.000,9999.000,9999.000,9999.000
202603191148,  -0.104,   0.590,9999.000,9999.000,9999.000,9999.000,9999.000,9999.000,9999.000
202603191154,  -0.124,   0.518,9999.000,9999.000,9999.000,9999.000,9999.000,9999.000,9999.000
202603191200,  -0.135,   0.459,   0.200,   0.394,   0.459,   0.100,   0.359,   0.200,   0.459
202603191206,  -0.134,   0.409,9999.000,9999.000,9999.000,9999.000,9999.000,9999.000,9999.000
202603191212,  -0.122,   0.370,9999.000,9999.000,9999.000,9999.000,9999.000,9999.000,9999.000
202603191218,  -0.097,   0.350,9999.000,9999.000,9999.000,9999.000,9999.000,9999.000,9999.000
202603191224,  -0.060,   0.341,9999.000,9999.000,9999.000,9999.000,9999.000,9999.000,9999.000
202603191230,  -0.009,   0.331,9999.000,9999.000,9999.000,9999.000,9999.000,9999.000,9999.000
202603191236,   0.055,   0.321,9999.000,9999.000,9999.000,9999.000,9999.000,9999.000,9999.000
202603191242,   0.133,   0.360,9999.000,9999.000,9999.000,9999.000,9999.000,9999.000,9999.000
202603191248,   0.225,   0.469,9999.000,9999.000,9999.000,9999.000,9999.000,9999.000,9999.000
202603191254,   0.330,   0.610,9999.000,9999.000,9999.000,9999.000,9999.000,9999.000,9999.000
202603191300,   0.448,   0.790,   0.200,   0.142,   0.790,   0.100,   0.690,   0.200,   0.790
202603191306,   0.579,   1.010,9999.000,9999.000,9999.000,9999.000,9999.000,9999.000,9999.000
202603191312,   0.721,   1.239,9999.000,9999.000,9999.000,9999.000,9999.000,9999.000,9999.000
202603191318,   0.875,   1.459,9999.000,9999.000,9999.000,9999.000,9999.000,9999.000,9999.000
202603191324,   1.038,   1.689,9999.000,9999.000,9999.000,9999.000,9999.000,9999.000,9999.000
202603191330,   1.210,   1.889,9999.000,9999.000,9999.000,9999.000,9999.000,9999.000,9999.000
202603191336,   1.389,   2.089,9999.000,9999.000,9999.000,9999.000,9999.000,9999.000,9999.000
202603191342,   1.575,   2.289,9999.000,9999.000,9999.000,9999.000,9999.000,9999.000,9999.000
202603191348,   1.765,   2.489,9999.000,9999.000,9999.000,9999.000,9999.000,9999.000,9999.000
202603191354,   1.959,   2.660,9999.000,9999.000,9999.000,9999.000,9999.000,9999.000,9999.000
202603191400,   2.156,   2.830,   0.200,   0.474,   2.830,   0.200,   2.830,   0.200,   2.830
202603191406,   2.354,   2.997,9999.000,9999.000,9999.000,9999.000,9999.000,9999.000,9999.000
202603191412,   2.551,   3.178,9999.000,9999.000,9999.000,9999.000,9999.000,9999.000,9999.000
202603191418,   2.747,   3.368,9999.000,9999.000,9999.000,9999.000,9999.000,9999.000,9999.000
202603191424,   2.940,   3.509,9999.000,9999.000,9999.000,9999.000,9999.000,9999.000,9999.000
202603191430,   3.130,   3.689,9999.000,9999.000,9999.000,9999.000,9999.000,9999.000,9999.000
202603191436,   3.316,   3.817,9999.000,9999.000,9999.000,9999.000,9999.000,9999.000,9999.000
202603191442,   3.497,   3.968,9999.000,9999.000,9999.000,9999.000,9999.000,9999.000,9999.000
202603191448,   3.672,   4.149,9999.000,9999.000,9999.000,9999.000,9999.000,9999.000,9999.000
202603191454,   3.841,   4.290,9999.000,9999.000,9999.000,9999.000,9999.000,9999.000,9999.000
202603191500,   4.003,   4.427,   0.200,   0.224,   4.427,   0.200,   4.427,   0.300,   4.527
202603191506,   4.159,   4.578,9999.000,9999.000,9999.000,9999.000,9999.000,9999.000,9999.000
202603191512,   4.308,   4.729,9999.000,9999.000,9999.000,9999.000,9999.000,9999.000,9999.000
202603191518,   4.450,   4.857,9999.000,9999.000,9999.000,9999.000,9999.000,9999.000,9999.000
202603191524,   4.584,   4.998,9999.000,9999.000,9999.000,9999.000,9999.000,9999.000,9999.000
202603191530,   4.712,   5.120,9999.000,9999.000,9999.000,9999.000,9999.000,9999.000,9999.000
202603191536,   4.833,   5.257,9999.000,9999.000,9999.000,9999.000,9999.000,9999.000,9999.000
202603191542,   4.947,   5.379,9999.000,9999.000,9999.000,9999.000,9999.000,9999.000,9999.000
202603191548,   5.054,   5.477,9999.000,9999.000,9999.000,9999.000,9999.000,9999.000,9999.000
202603191554,   5.155,   5.608,9999.000,9999.000,9999.000,9999.000,9999.000,9999.000,9999.000
202603191600,   5.249,   5.707,   0.200,   0.258,   5.707,   0.200,   5.707,   0.300,   5.807
202603191606,   5.337,   5.818,9999.000,9999.000,9999.000,9999.000,9999.000,9999.000,9999.000
202603191612,   5.418,   5.907,9999.000,9999.000,9999.000,9999.000,9999.000,9999.000,9999.000
202603191618,   5.492,   5.959,9999.000,9999.000,9999.000,9999.000,9999.000,9999.000,9999.000
202603191624,   5.560,   6.028,9999.000,9999.000,9999.000,9999.000,9999.000,9999.000,9999.000
202603191630,   5.622,   6.117,9999.000,9999.000,9999.000,9999.000,9999.000,9999.000,9999.000
202603191636,   5.676,   6.179,9999.000,9999.000,9999.000,9999.000,9999.000,9999.000,9999.000
202603191642,   5.724,   6.218,9999.000,9999.000,9999.000,9999.000,9999.000,9999.000,9999.000
202603191648,   5.764,   6.277,9999.000,9999.000,9999.000,9999.000,9999.000,9999.000,9999.000
202603191654,   5.797,   6.327,9999.000,9999.000,9999.000,9999.000,9999.000,9999.000,9999.000
202603191700,   5.823,   6.379,   0.300,   0.256,   6.379,   0.200,   6.279,   0.300,   6.379
202603191706,   5.840,   6.409,9999.000,9999.000,9999.000,9999.000,9999.000,9999.000,9999.000
202603191712,   5.850,   6.458,9999.000,9999.000,9999.000,9999.000,9999.000,9999.000,9999.000
202603191718,   5.851,   6.468,9999.000,9999.000,9999.000,9999.000,9999.000,9999.000,9999.000
202603191724,   5.844,   6.487,9999.000,9999.000,9999.000,9999.000,9999.000,9999.000,9999.000
202603191730,   5.829,   6.507,9999.000,9999.000,9999.000,9999.000,9999.000,9999.000,9999.000
202603191736,   5.806,   6.527,9999.000,9999.000,9999.000,9999.000,9999.000,9999.000,9999.000
202603191742,   5.775,   6.507,9999.000,9999.000,9999.000,9999.000,9999.000,9999.000,9999.000
202603191748,   5.735,   6.477,9999.000,9999.000,9999.000,9999.000,9999.000,9999.000,9999.000
202603191754,   5.688,   6.438,9999.000,9999.000,9999.000,9999.000,9999.000,9999.000,9999.000
202603191800,   5.633,   6.399,   0.300,   0.466,   6.399,   0.300,   6.399,   0.300,   6.399
202603191806,   5.571,   6.359,9999.000,9999.000,9999.000,9999.000,9999.000,9999.000,9999.000
202603191812,   5.502,   6.297,9999.000,9999.000,9999.000,9999.000,9999.000,9999.000,9999.000
202603191818,   5.427,   6.228,9999.000,9999.000,9999.000,9999.000,9999.000,9999.000,9999.000
202603191824,   5.346,   6.136,9999.000,9999.000,9999.000,9999.000,9999.000,9999.000,9999.000
202603191830,   5.259,   6.048,9999.000,9999.000,9999.000,9999.000,9999.000,9999.000,9999.000
202603191836,   5.168,   5.940,9999.000,9999.000,9999.000,9999.000,9999.000,9999.000,9999.000
202603191842,   5.073,   5.838,9999.000,9999.000,9999.000,9999.000,9999.000,9999.000,9999.000
202603191848,   4.973,   5.717,9999.000,9999.000,9999.000,9999.000,9999.000,9999.000,9999.000
202603191854,   4.871,   5.608,9999.000,9999.000,9999.000,9999.000,9999.000,9999.000,9999.000
202603191900,   4.766,   5.497,   0.300,   0.431,   5.497,   0.300,   5.497,   0.300,   5.497
202603191906,   4.659,   5.379,9999.000,9999.000,9999.000,9999.000,9999.000,9999.000,9999.000
202603191912,   4.550,   5.277,9999.000,9999.000,9999.000,9999.000,9999.000,9999.000,9999.000
202603191918,   4.440,   5.179,9999.000,9999.000,9999.000,9999.000,9999.000,9999.000,9999.000
202603191924,   4.329,   5.077,9999.000,9999.000,9999.000,9999.000,9999.000,9999.000,9999.000
202603191930,   4.218,   4.969,9999.000,9999.000,9999.000,9999.000,9999.000,9999.000,9999.000
202603191936,   4.105,   4.857,9999.000,9999.000,9999.000,9999.000,9999.000,9999.000,9999.000
202603191942,   3.993,   4.759,9999.000,9999.000,9999.000,9999.000,9999.000,9999.000,9999.000
202603191948,   3.881,   4.647,9999.000,9999.000,9999.000,9999.000,9999.000,9999.000,9999.000
202603191954,   3.769,   4.549,9999.000,9999.000,9999.000,9999.000,9999.000,9999.000,9999.000
202603192000,   3.658,   4.447,   0.300,   0.489,   4.447,   0.300,   4.447,   0.400,   4.547
202603192006,   3.546,   4.339,9999.000,9999.000,9999.000,9999.000,9999.000,9999.000,9999.000
202603192012,   3.436,   4.237,9999.000,9999.000,9999.000,9999.000,9999.000,9999.000,9999.000
202603192018,   3.325,   4.149,9999.000,9999.000,9999.000,9999.000,9999.000,9999.000,9999.000
202603192024,   3.216,   4.037,9999.000,9999.000,9999.000,9999.000,9999.000,9999.000,9999.000
202603192030,   3.107,   3.929,9999.000,9999.000,9999.000,9999.000,9999.000,9999.000,9999.000
202603192036,   2.999,   3.817,9999.000,9999.000,9999.000,9999.000,9999.000,9999.000,9999.000
202603192042,   2.891,   3.719,9999.000,9999.000,9999.000,9999.000,9999.000,9999.000,9999.000
202603192048,   2.785,   3.607,9999.000,9999.000,9999.000,9999.000,9999.000,9999.000,9999.000
202603192054,   2.679,   3.529,9999.000,9999.000,9999.000,9999.000,9999.000,9999.000,9999.000
202603192100,   2.575,   3.417,   0.400,   0.442,   3.417,   0.300,   3.317,   0.400,   3.417
202603192106,   2.472,   3.319,9999.000,9999.000,9999.000,9999.000,9999.000,9999.000,9999.000
202603192112,   2.370,   3.230,9999.000,9999.000,9999.000,9999.000,9999.000,9999.000,9999.000
202603192118,   2.269,   3.129,9999.000,9999.000,9999.000,9999.000,9999.000,9999.000,9999.000
202603192124,   2.170,   3.050,9999.000,9999.000,9999.000,9999.000,9999.000,9999.000,9999.000
202603192130,   2.072,   2.958,9999.000,9999.000,9999.000,9999.000,9999.000,9999.000,9999.000
202603192136,   1.976,   2.869,9999.000,9999.000,9999.000,9999.000,9999.000,9999.000,9999.000
202603192142,   1.882,   2.768,9999.000,9999.000,9999.000,9999.000,9999.000,9999.000,9999.000
202603192148,   1.789,   2.679,9999.000,9999.000,9999.000,9999.000,9999.000,9999.000,9999.000
202603192154,   1.698,   2.597,9999.000,9999.000,9999.000,9999.000,9999.000,9999.000,9999.000
202603192200,   1.609,   2.509,   0.400,   0.500,   2.509,   0.300,   2.409,   0.400,   2.509
202603192206,   1.521,   2.420,9999.000,9999.000,9999.000,9999.000,9999.000,9999.000,9999.000
202603192212,   1.435,   2.338,9999.000,9999.000,9999.000,9999.000,9999.000,9999.000,9999.000
202603192218,   1.351,   2.250,9999.000,9999.000,9999.000,9999.000,9999.000,9999.000,9999.000
202603192224,   1.268,   2.177,9999.000,9999.000,9999.000,9999.000,9999.000,9999.000,9999.000
202603192230,   1.186,   2.118,9999.000,9999.000,9999.000,9999.000,9999.000,9999.000,9999.000
202603192236,   1.105,   1.958,9999.000,9999.000,9999.000,9999.000,9999.000,9999.000,9999.000
202603192242,   1.026,   1.899,9999.000,9999.000,9999.000,9999.000,9999.000,9999.000,9999.000
202603192248,   0.948,   1.810,9999.000,9999.000,9999.000,9999.000,9999.000,9999.000,9999.000
202603192254,   0.872,   1.738,9999.000,9999.000,9999.000,9999.000,9999.000,9999.000,9999.000
202603192300,   0.797,   1.659,   0.400,   0.462,   1.659,   0.300,   1.559,   0.400,   1.659
202603192306,   0.723,   1.580,9999.000,9999.000,9999.000,9999.000,9999.000,9999.000,9999.000
202603192312,   0.652,   1.528,9999.000,9999.000,9999.000,9999.000,9999.000,9999.000,9999.000
202603192318,   0.582,   1.439,9999.000,9999.000,9999.000,9999.000,9999.000,9999.000,9999.000
202603192324,   0.515,   1.361,9999.000,9999.000,9999.000,9999.000,9999.000,9999.000,9999.000
202603192330,   0.451,   1.279,9999.000,9999.000,9999.000,9999.000,9999.000,9999.000,9999.000
202603192336,   0.391,   1.220,9999.000,9999.000,9999.000,9999.000,9999.000,9999.000,9999.000
202603192342,   0.335,   1.138,9999.000,9999.000,9999.000,9999.000,9999.000,9999.000,9999.000
202603192348,   0.284,   1.079,9999.000,9999.000,9999.000,9999.000,9999.000,9999.000,9999.000
202603192354,   0.239,   0.705,9999.000,9999.000,9999.000,9999.000,9999.000,9999.000,9999.000
202603200000,   0.200,   0.951,   0.400,   0.351,   0.951,   0.400,   0.951,   0.500,   1.051
202603200006,   0.169,   0.879,9999.000,9999.000,9999.000,9999.000,9999.000,9999.000,9999.000
202603200012,   0.147,   0.829,9999.000,9999.000,9999.000,9999.000,9999.000,9999.000,9999.000
202603200018,   0.133,   0.780,9999.000,9999.000,9999.000,9999.000,9999.000,9999.000,9999.000
202603200024,   0.130,   0.731,9999.000,9999.000,9999.000,9999.000,9999.000,9999.000,9999.000
202603200030,   0.138,   0.708,9999.000,9999.000,9999.000,9999.000,9999.000,9999.000,9999.000
202603200036,   0.158,   0.678,9999.000,9999.000,9999.000,9999.000,9999.000,9999.000,9999.000
202603200042,   0.190,   0.678,9999.000,9999.000,9999.000,9999.000,9999.000,9999.000,9999.000
202603200048,   0.236,   0.688,9999.000,9999.000,9999.000,9999.000,9999.000,9999.000,9999.000
